1700
414
34
2010
3211
460
75
3477
1171
2881
2669
2117
1121
2786
1789
3038
115
2258
1351
2302
360
98
2477
858
647
3966
3719
1988
561
1403
1514
910
923
582
2893
8
1269
2394
973
1258
1861
234
2098
2045
2090
2700
3174
3777
2309
1076
3632
1038
1835
2544
600
677
2444
1401
2044
1691
3788
3261
1626
1172
3791
547
83
2175
21
610
1234
2168
3926
3125
3039
3464
941
2719
2380
990
1340
3365
69
3265
2846
2983
3671
447
1362
3447
288
2303
3313
3906
2898
3022
275
3243
2329
1036
2695
1239
2382
1702
1959
383
1558
1591
659
3110
3475
2390
3812
2873
2701
228
553
2099
1774
1522
2753
1287
1372
3356
3499
2677
2057
1949
441
1969
1543
3981
3232
1664
29
1280
1485
1346
2366
256
2040
1575
445
3660
3028
154
289
626
1513
3450
2167
996
11
2763
1000
3113
892
2603
603
3255
1565
3466
1660
979
352
2352
1386
1298
3314
162
2153
571
1289
2569
1279
2875
150
2285
2291
1907
1087
1414
1722
884
3366
3813
1163
1764
2083
3707
2484
3408
3173
1339
2000
104
2777
3063
2527
14
3084
2836
1761
702
2765
639
51
995
2755
3256
527
1837
1705
3164
3337
2205
1757
3796
672
205
1251
1943
2822
2512
1846
2831
2642
3958
981
804
1738
1101
3540
774
3792
1091
3187
1729
2635
2372
925
3015
1442
2219
1998
711
413
2192
2137
1005
1562
872
2467
2582
3202
3134
3287
1457
3448
2069
2969
841
2958
942
844
3715
3244
652
3229
2345
1984
2060
3682
292
3825
2439
344
1455
3218
3999
1839
3760
2370
3896
2491
2508
3855
1527
446
3626
3159
1815
2903
2048
1067
3330
158
3117
2519
2161
1328
1406
3412
1003
181
1570
1620
3171
2187
1102
450
105
2142
331
1897
3518
3597
269
1402
434
1692
2465
1097
1002
91
3721
160
2564
3514
1966
817
819
466
3785
3153
1015
66
1343
2781
1250
535
454
2341
314
1590
3977
188
3908
386
2078
125
1460
1275
2946
1166
208
2007
3566
1556
1803
1605
1884
3804
940
3713
3270
3884
3654
1704
2011
302
593
3929
2979
212
86
2152
1316
766
2720
2811
1274
2340
139
682
860
1902
3549
3065
3525
37
2607
2294
2833
1246
3090
1843
2723
3784
2027
378
1915
2134
2751
2674
2276
45
3238
2810
1778
3109
2992
358
662
1319
935
2383
558
3778
663
3407
1716
2392
2003
2034
1649
3553
23
1044
204
1043
3604
1069
1186
3251
2924
1669
978
129
3917
945
1249
1160
144
895
2409
826
1647
1415
753
970
2787
2732
2921
3817
3166
2702
3890
2541
1064
1093
1920
3547
1213
244
3051
166
1201
2212
3656
3306
3823
420
1203
2889
309
3764
2005
1515
2176
194
1055
3569
3666
1796
1270
1435
2576
2902
1382
2210
712
3544
2414
1585
3992
1262
3214
1211
889
1183
246
361
443
4
1037
2743
3145
498
788
1820
518
310
2599
2967
280
1944
2505
430
3845
3973
1955
723
109
1921
2162
2784
127
93
758
2381
1954
2803
1956
3271
2035
3587
3129
1369
108
1990
3139
2287
3811
2215
1822
3685
1353
3384
2649
2255
852
141
1222
1459
298
3135
1241
149
3507
2565
327
101
2140
1297
113
381
3095
643
1504
2637
1007
2103
2499
568
1802
1677
3710
2643
2492
1238
74
1930
3460
2018
1169
477
777
3212
646
1849
700
3453
2993
3272
3233
429
775
3642
3295
1352
522
1918
679
2355
1077
636
1358
1593
3143
2823
2672
3021
407
2121
2731
377
1288
2683
2546
1296
1451
660
2424
3599
2684
3432
3828
3763
299
2056
494
3288
569
3296
3941
3995
1552
1807
3510
1197
3307
3774
3258
1874
313
2396
3290
2806
1630
1138
391
3180
829
13
3122
1314
2880
3937
2251
953
3100
685
3052
1755
195
3280
1337
1132
3950
3279
616
3709
2907
87
3526
3224
31
1227
325
3907
1934
736
193
2764
3765
88
2456
1573
268
2326
3687
2520
3342
277
1772
3269
1368
2851
2713
2930
670
2195
9
3311
692
1547
3513
1313
2364
2986
398
1857
3940
3889
415
3870
2209
1200
364
3242
1323
1631
2421
196
357
2892
2286
1332
681
3515
426
1617
3527
2019
1112
847
2469
332
3714
2567
3616
1819
1912
1398
2718
3579
467
1010
2468
2872
3111
1133
1478
2115
1863
174
3248
563
1574
1886
1603
3250
1261
3545
1961
2481
2360
924
392
655
1831
853
1047
3371
1572
1473
2243
356
1940
3277
3689
657
1118
2511
3185
1292
2575
2122
3375
2399
3770
803
3703
1997
77
2066
2129
1273
3729
406
2631
922
3575
3716
3191
3228
725
1916
3397
3744
2145
797
145
128
3679
1151
2877
2554
3738
3425
3073
2180
3158
2445
2911
2359
2913
3523
1107
3761
227
2004
1440
1191
189
3140
3677
1790
1421
3245
1644
3868
509
902
242
3887
2386
2963
2328
3341
28
2801
3452
2812
216
2668
387
2104
111
3126
899
1404
1104
1496
3942
2750
3871
1953
3504
1235
846
3830
3141
2616
1800
3646
239
163
3162
2407
2766
2275
3802
2610
2338
1073
604
1747
3905
850
35
961
3011
502
1051
2278
177
2111
408
2792
994
1468
1120
3415
508
3835
2987
3749
2813
168
2506
3286
169
279
501
798
335
1898
2739
1334
3943
2357
230
2950
1128
319
1509
576
3519
2952
3
943
3045
373
3431
1711
3824
165
57
551
2118
1082
2884
2233
896
1336
238
1470
1237
1932
579
1425
520
2933
1832
3168
1291
172
3430
2379
3498
1137
3411
1462
3586
1388
3331
1374
786
2062
261
1606
3378
3712
2214
3347
211
3355
1141
1883
2704
2842
235
649
791
3559
2052
131
2517
3548
3434
3561
3115
3444
2878
1663
2549
138
1210
2530
3370
3310
3382
2818
1375
2032
2483
1587
2585
3479
1733
3727
1824
3461
2198
3657
3054
3414
3380
594
1001
989
3700
1553
825
519
1904
1950
2182
1639
176
1607
1882
2064
740
1117
3644
2343
932
980
2001
2708
3821
1434
1099
1277
2026
202
2589
3441
486
1377
2376
2691
1448
2887
834
79
583
3987
3501
983
505
1974
2620
676
3142
3688
1752
3725
3057
1777
2274
1890
3641
1678
2539
3551
2128
53
3422
1734
599
3522
2447
570
222
257
2639
2906
2540
438
1797
3512
728
799
2605
3563
1417
3312
6
3386
3557
1129
3402
3092
3455
3105
1208
296
2496
2770
1424
3482
2238
3795
2943
3457
3927
2084
1715
1597
3877
730
1188
2915
1632
589
342
977
577
3969
425
1278
2489
901
2226
267
2504
1600
19
962
2645
2240
3932
2160
2742
1799
2598
877
3149
3264
3417
2521
3127
1775
651
2919
2820
956
3838
2420
3157
1842
2486
287
1223
1746
3742
622
1491
1079
967
2307
1675
1173
1891
1145
1483
1806
747
2981
2670
669
2612
248
186
3037
3850
70
2042
3649
3484
3198
640
436
136
936
3546
3103
2400
3439
2388
2288
1791
1977
3605
2204
2597
2871
2476
840
3807
2440
656
1687
2956
3102
1987
745
1063
3116
456
1295
824
1602
300
3822
2385
2227
2213
2529
801
3955
3329
1781
2664
2917
3529
3808
3472
717
2132
321
3094
2619
2640
2053
2722
2475
2144
2228
3652
807
703
1782
404
341
1177
3834
1878
2914
2711
2449
3736
3920
197
3993
2626
1567
2272
1650
1841
1703
3781
3454
1654
3565
1946
1533
1393
2264
2433
2848
2453
3194
182
1365
3840
1579
1157
1792
1335
3978
3106
2632
2051
1867
126
1407
3619
2885
628
760
3805
1399
1872
3665
3257
16
3928
3387
2759
2729
2231
1347
1845
1349
1581
678
2905
1825
3790
1039
185
533
1887
2542
1564
351
2013
2502
3206
1499
2230
1085
3260
1823
474
3047
2330
2293
1431
2688
3367
549
81
3748
1712
876
259
3965
297
1453
3909
2595
3849
1257
874
827
135
1519
3132
3070
3521
137
3031
3968
2344
340
63
2260
2775
1052
559
92
1749
1170
1851
1477
3325
2163
489
1526
1311
2636
2074
390
3165
867
372
476
954
814
3262
2177
960
3487
333
389
2494
1875
2824
2059
140
2211
3705
933
493
3188
2570
1152
1031
931
2063
1551
3768
44
1161
1376
1220
1130
3860
2606
3087
1185
2854
1743
2733
3225
564
3353
1900
2186
3042
680
2125
2843
984
637
683
3440
3991
2479
851
3399
512
3500
2746
3640
3223
1770
3445
2391
3323
782
161
1827
3593
3746
1014
3427
3577
3900
2097
3207
2982
3959
1041
2621
3697
1182
85
2299
2334
3462
886
912
2934
1787
3516
264
671
3014
1149
2524
1050
3750
2462
612
1962
2758
587
3668
1614
3690
272
2573
2073
1028
2023
1855
1541
3832
52
750
2043
3580
485
3299
1873
465
3878
2318
749
3493
1348
1033
623
1484
621
2200
241
1205
3610
2561
2173
1554
3089
253
3474
3086
1108
3123
1524
3931
3351
3847
1848
1305
2697
765
1511
722
1784
3975
813
3036
3030
2614
1523
2423
3235
1804
3874
3740
708
254
146
2500
1580
3502
3193
885
697
255
1595
2493
2368
2203
2773
1078
2716
557
3779
3029
1623
546
2102
3437
531
2953
3241
274
3536
3215
3293
213
1641
110
3637
2513
330
1767
3692
2246
591
2397
410
3739
1114
1655
968
3598
3756
1545
349
1454
734
2962
3492
1901
1413
39
134
3003
2548
2295
642
2682
1135
3945
2497
1751
1089
618
2782
2041
3161
2427
3343
3989
1945
2745
463
790
575
2802
3043
124
3072
233
3376
823
2761
869
974
3273
1111
781
724
2894
20
2935
2284
3282
2312
3659
3741
1164
345
2895
1327
524
1430
3144
615
3623
1119
2248
1294
2377
3922
245
528
3913
3647
24
903
2223
3846
3443
2146
887
731
1243
2996
2127
3083
229
1310
2451
1428
2663
480
419
1586
738
353
556
2624
2266
3542
2776
482
1153
2290
957
1290
1737
3722
2138
2896
3419
366
611
638
3489
3449
3138
718
2459
1189
1917
3204
574
796
1363
2311
1110
716
1216
3848
1444
2954
2658
3400
1209
312
3708
1896
95
772
689
3842
566
1045
1150
1013
2170
2856
2654
3856
2242
654
2319
2279
2971
3624
500
1583
982
3096
3079
947
499
411
1410
1090
459
1569
2855
3392
3839
3747
949
2949
3733
1676
2661
3478
206
625
3373
2171
3190
3170
1670
664
1651
720
2647
1811
3046
2791
1563
2897
317
1794
1439
634
409
1507
2870
1053
388
2535
156
1397
3996
849
3362
1179
3726
250
2909
619
2615
3008
3152
3872
3374
2882
3533
511
3383
1914
326
3592
1230
3505
756
3776
2305
2174
2995
2406
1714
3578
952
1939
2472
266
3517
484
3820
1285
2665
1361
1103
1510
2651
354
3986
1062
3960
3034
701
3628
3541
3833
688
3826
2207
507
1392
3169
2331
1895
3853
82
3885
3458
1818
27
2046
3024
1847
3880
3001
1350
1307
3066
1871
691
3221
1267
529
316
2463
2826
773
3683
2113
2085
3816
1501
1830
3148
100
3912
2825
42
2551
2945
1030
875
1999
2553
2752
2543
417
1202
3345
1156
318
767
2998
2262
2794
1615
3775
1299
1276
3133
3178
3276
397
3481
3364
2990
2737
3200
1471
106
200
792
714
665
3506
47
1975
2270
523
1105
3421
3939
291
1906
820
1046
2937
1908
3420
2461
592
3381
918
3686
878
1146
3766
3862
620
2061
3048
2225
539
542
1204
2470
3827
2058
2261
2707
2583
3197
754
2300
1095
281
1131
1785
2526
130
3806
2250
3315
1154
2356
1601
839
2460
2886
3841
3239
3480
84
1893
