"    1 z i r o 7 5 n 2 w e d\n F8 4 6 8 9 7 1 5 7 1 8 9 0\n  7 7 4 6 8 5 9 1 9 9 5 9 5\n F9 8 6 1 7 7 1 5 0 9 8 1 4\n> 5 0 8 8 1 0 5 7 4 1 4 1 4\n F1 8 7 7 4 7 9 9 5 9 8 0 7\n F0 9 5 4 4 5 9 6 9 1 5 4 9\n F4 7 9 6 1 8 6 7 1 5 1 5 5\n F6 6 0 9 8 6 8 6 5 4 8 8 6\n\"2w75zo\""
"    i\n  5 3\n  3 7\n F6 3\n F4 3\n F0 3\n>F8 0\n  7 7\n\"i\""
"    1 0\n  2 2 2\n F1 3 1\n> 0 2 1\n  3 3 1\n\"11010100\""
"    0 1 2 3 4 5 6 7 8 9 a b c d e f\n  2 0 0 0 0 0 0 0 0 0 0 0 0 1 3 0 0\n  3 0 0 0 0 0 0 0 0 0 0 0 0 1 0 4 0\n F4 4 4 4 4 4 4 4 4 4 4 4 4 4 4 4 4\n  1 2 0 0 0 0 0 0 0 0 0 0 0 0 0 0 0\n> 0 0 0 0 0 0 0 0 0 0 0 0 0 1 0 0 0\n\"123456789c0d3801f\""
"    n 6 i r u p j 3 l 4 a 8 t e b z d x h\n  2 5 7 1 3 4 0 2 2 0 2 5 5 2 7 0 3 0 4 5\n  5 1 5 5 0 5 7 7 3 1 4 5 1 7 5 5 2 3 3 0\n F1 4 7 5 3 2 0 7 1 5 7 4 0 3 1 0 5 4 1 7\n> 7 4 2 2 4 4 5 5 5 5 5 4 3 4 0 2 7 0 2 5\n F0 4 7 4 2 7 5 4 0 7 0 5 7 0 5 4 7 5 0 1\n F4 7 7 4 7 4 3 3 7 7 1 7 1 1 5 0 3 0 5 4\n  3 0 4 2 0 0 2 4 5 2 0 7 7 3 0 2 5 7 2 3\n\"iue6bhr\""
"    f l g w o 8 7 2 5 y c p k n q e m h i v\n>F7 1 5 5 7 1 2 0 6 7 5 1 7 7 5 7 7 5 5 5 8\n  0 6 8 2 0 3 3 5 5 1 2 8 8 1 2 6 6 5 2 1 0\n  1 7 2 5 5 6 1 7 7 0 6 3 3 3 7 5 6 7 2 2 0\n F8 1 3 7 1 8 6 3 2 6 5 0 8 8 7 2 2 6 2 7 5\n F3 7 1 0 5 5 8 6 8 1 0 8 0 1 5 7 1 5 1 8 5\n  2 2 2 8 2 6 5 8 8 2 5 6 6 0 8 3 6 0 1 0 6\n  5 3 2 6 3 8 3 0 3 0 7 8 0 3 7 3 1 6 1 1 7\n  6 0 0 8 0 6 0 8 2 2 7 6 8 2 6 1 5 7 8 0 6\n\"58y\""
"    l h y d j 6 9 a f p r k 0 b 2 c 7\n>F4 4 4 4 4 4 4 4 4 4 4 4 4 4 4 4 4 4\n\"hk\""
"    h 3 4 1 g b j x\n>F5 5 4 8 2 4 8 5 8\n F2 8 8 2 2 3 5 5 2\n F3 4 3 4 5 4 3 2 8\n F4 2 3 5 8 4 8 2 3\n F8 5 5 5 3 8 3 4 4\n\"j1\""
"    a\n> 0 1\n F1 2\n F2 0\n\"aaaaaaaa\""
"    a b c d e f\n> 0 0 0 0 1 0 0\n  1 0 0 0 1 0 2\n  2 3 0 0 1 0 0\n F3 3 3 3 3 3 3\n\"aabacadfad\""
"    e g 5 n a\n  4 5 6 2 2 3\n F2 1 5 1 4 1\n  3 1 3 2 2 1\n> 5 4 2 2 5 6\n F1 2 3 9 9 4\n  6 5 5 1 6 6\n F9 9 3 2 6 4\n\"555n5\""
"    5 u 8 7 x m p y c z e k w l a j q d\n F9 2 2 4 5 9 6 6 1 3 3 1 3 9 2 3 5 2 9\n F3 8 2 5 3 8 9 9 5 3 6 3 3 2 9 3 9 3 3\n F6 6 3 5 1 9 9 4 8 9 8 9 5 5 6 8 4 3 2\n  4 5 3 8 6 2 8 3 2 4 4 4 3 8 3 6 8 3 9\n  5 9 9 1 9 5 2 5 2 3 5 9 9 8 9 5 8 1 6\n F2 8 9 4 8 8 4 5 8 9 3 1 5 4 9 1 1 3 6\n>F1 8 9 6 6 3 1 3 1 2 5 1 4 4 2 1 4 4 6\n  8 1 6 4 2 8 8 9 3 5 6 5 3 9 3 3 2 1 8\n\"u8wkyxxlpm8z\""
"    v p n j 6 q z 0 s 4 a g o d k l 9 y 1 u 8 x m\n F0 0 6 1 1 3 3 0 1 7 0 0 0 0 1 7 6 0 3 1 0 6 7 3\n F6 0 7 0 1 0 7 1 0 6 0 6 6 7 6 6 1 6 0 7 1 7 6 0\n F1 6 1 7 6 0 7 1 3 1 7 3 3 7 0 1 3 0 3 6 1 7 1 1\n F7 6 1 0 3 0 7 7 7 3 1 6 1 6 6 1 3 1 0 0 1 1 1 7\n> 3 6 1 0 6 3 7 6 6 1 3 0 6 7 1 3 3 6 1 3 3 1 3 7\n\"4sggl4sj8kyj\""
"    n\n  6 9\n>F9 6\n\"\""
"    0 1 2 3 4 5 6 7 8 9 a b c d e f\n F4 4 4 4 4 4 4 4 4 4 4 4 4 4 4 4 4\n  3 3 3 3 3 3 3 3 3 3 3 3 3 3 3 4 3\n  2 2 2 2 2 2 2 2 2 2 2 2 2 2 3 2 2\n  1 2 1 1 1 1 1 1 1 1 1 1 1 1 1 1 1\n> 0 0 0 0 0 0 0 0 0 0 0 0 0 1 0 0 0\n\"123456789c0d38e1f\""
"    2 n 6 1 h z c t p u a b 9 y 5 8 s\n F2 6 0 6 6 0 4 4 4 0 4 6 2 4 6 4 4 4\n  0 0 4 0 0 6 0 0 6 6 0 6 6 0 4 2 6 6\n F4 0 6 0 2 6 6 0 2 0 0 0 6 0 6 2 2 2\n> 6 2 0 2 4 2 2 4 4 4 0 2 2 4 4 6 4 4\n\"8hn99pz\""
"    r i x 9 5 y e z h l o b k\n  8 5 4 9 5 1 3 9 8 9 3 8 4 1\n  3 1 3 4 8 5 1 3 1 9 3 8 4 8\n> 5 4 3 1 1 5 5 4 5 4 5 3 8 5\n F1 3 1 3 8 9 4 4 5 1 3 1 8 3\n  4 5 5 5 1 9 1 5 9 8 8 3 1 4\n F9 1 5 3 5 9 8 4 9 4 5 9 4 1\n\"xool9eol5ih\""
"    i k g v w l z p x o 9 s a c 7 8\n  9 3 6 0 8 7 1 8 2 1 8 7 7 7 9 8 0\n F3 8 9 2 6 3 7 3 7 9 6 6 9 6 0 9 6\n> 1 6 1 9 3 2 9 0 9 1 0 1 9 8 6 2 0\n F0 2 6 9 0 1 9 1 8 8 1 9 1 7 7 6 3\n F2 9 7 8 3 2 9 9 9 6 0 7 2 3 9 7 2\n F8 7 0 8 6 2 9 6 9 7 7 9 6 3 0 2 3\n F6 1 6 1 7 9 7 0 1 1 3 9 1 9 6 9 0\n  7 1 6 6 0 1 2 2 9 7 0 9 9 8 2 1 7\n\"lcwx9k\""
"    2 q t 7\n F3 5 5 5 5\n>F4 5 4 3 4\n F5 4 4 5 3\n\"2\""
"    a b c d e f g h i j k l m n o p q r s t u v w x y z\n F1 1 1 1 1 1 1 1 1 1 1 1 1 1 0 1 1 1 1 1 1 1 1 1 1 1 0\n> 0 0 0 0 0 0 0 0 0 0 0 0 0 0 1 0 0 0 0 0 0 0 0 0 0 0 1\n\"panamajazz\""
"    0 1\n F0 1 1\n>F1 3 0\n  3 3 3\n\"10101\""
"    0 1\n> 0 2 1\n  1 3 1\n  2 2 2\n F3 3 1\n\"01010100\""
"    a d c b r\n> 0 0 0 0 0 1\n  1 2 0 0 0 1\n F2 0 0 0 0 1\n\"abracadabra\""
"    g y n m p l b s\n F0 7 3 2 5 8 2 4 0\n> 5 2 4 8 8 8 4 5 4\n  3 2 5 2 5 3 7 5 0\n  1 7 8 7 8 2 1 8 4\n  4 8 7 1 7 1 1 5 0\n F7 0 4 3 8 2 1 5 0\n F2 0 3 8 4 8 7 5 4\n F8 1 3 1 4 1 2 5 3\n\"bnpgmm\""
"    3 d 0 h c a s\n F4 7 3 7 1 2 5 4\n  7 5 7 2 3 7 4 3\n  5 2 7 7 4 4 2 3\n>F3 3 3 4 7 5 9 4\n  1 5 7 4 3 7 1 4\n F2 2 5 5 2 4 7 7\n  9 3 4 5 5 5 4 4\n\"dchh\""
"    j u 9 7 o k s x r q v 3 w n e b\n> 9 5 9 5 9 9 9 9 4 9 4 9 8 9 4 8 5\n F8 5 5 9 4 9 4 9 9 5 8 4 5 4 8 8 5\n F4 4 8 9 8 5 4 9 9 4 9 8 9 5 8 8 8\n F5 4 5 9 9 9 4 5 5 9 4 4 9 4 8 5 9\n\"eqvwo\""
"    o 0 w b m 3 2 y 5 t j 8\n F4 6 8 8 8 7 9 7 6 7 0 4 4\n F0 6 6 8 6 6 0 9 9 7 9 6 7\n  9 7 9 0 7 4 6 0 6 6 9 0 7\n  8 9 6 8 4 8 9 6 8 4 8 4 0\n F6 9 0 7 7 9 8 7 4 4 8 7 0\n> 7 4 9 4 0 6 8 9 8 7 0 6 6\n\"ywm2ww52o2\""
"    v 0 4 e l d j k 3 s 2 m 9 8 h q g y b 6 x w 5 1\n  0 7 0 3 5 7 0 2 7 9 5 9 0 9 3 9 4 7 3 2 3 2 4 9 5\n F9 6 3 7 7 3 2 9 7 2 2 7 0 0 0 0 3 3 2 6 4 2 4 7 4\n  5 3 0 7 4 7 3 9 2 6 7 2 4 6 6 0 4 3 6 9 4 3 4 9 6\n  2 6 4 4 7 3 9 5 0 3 9 7 2 2 2 2 4 9 0 3 2 7 0 3 0\n>F4 9 0 6 9 9 4 0 4 2 6 6 7 4 7 2 3 6 9 4 0 2 0 0 0\n F3 2 7 4 0 9 6 6 5 4 4 0 6 7 6 6 6 0 4 2 6 5 7 4 5\n F6 3 5 4 6 3 5 6 4 2 2 9 7 6 3 5 5 9 3 2 7 2 4 5 5\n  7 3 6 2 5 6 2 9 0 9 3 4 0 9 6 9 3 0 9 7 3 5 3 3 4\n\"0s6e\""
"    a w 8 i 0 p k u v 7 e 4 d n j b m y 1 r q\n>F5 5 5 7 2 7 6 7 7 7 6 2 4 2 7 2 2 2 2 6 7 5\n  0 7 5 4 0 0 4 6 0 4 4 5 2 2 5 2 2 0 2 0 6 2\n F7 5 2 0 5 2 0 7 0 5 6 4 6 0 7 6 6 4 7 6 6 4\n F4 7 0 6 0 4 4 7 7 6 6 5 2 6 2 5 0 6 7 6 2 0\n F6 2 6 2 7 4 7 6 2 5 4 2 4 5 6 2 4 7 4 0 6 4\n  2 0 6 7 7 5 4 4 7 4 6 0 4 4 4 4 5 6 2 4 0 5\n\"evp0a7vmavj\""
"    w x 7 p c e r v b 3 1 8 g f 9 6\n>F0 0 1 0 0 0 0 1 1 1 0 0 1 0 1 0 1\n  1 1 1 1 0 1 0 0 0 0 1 0 0 1 1 0 1\n\"b631xr\""
"    5 x v w 1 n k 9 c t 6 i p a q m 8 e 3 f b\n>F7 2 7 7 7 7 3 2 4 7 7 9 7 2 9 9 2 9 3 3 7 3\n  4 7 3 2 3 4 9 2 7 7 3 9 3 2 2 3 3 3 4 3 7 9\n F9 9 7 9 2 2 4 2 3 7 2 2 4 3 2 3 9 3 4 9 4 3\n  3 7 4 4 2 7 9 2 7 4 2 4 7 7 3 7 2 2 2 2 3 3\n  2 7 2 7 9 3 3 7 4 9 3 4 3 7 2 9 2 7 2 2 2 9\n\"qffxbmv1e\""
"    e w 2 i z\n> 8 8 6 5 4 6\n  4 8 4 0 8 0\n  9 5 4 8 9 5\n  5 5 4 4 4 4\n F0 5 8 8 0 8\n  6 9 4 5 6 8\n\"zeze\""
"    k e d 0 6 7 u i r f l j w 9 m g 2 h t z\n  0 5 6 3 6 5 8 0 3 6 8 8 0 6 6 0 3 3 3 6 6\n  6 8 0 3 6 8 0 0 5 8 5 8 8 3 0 8 8 3 0 8 8\n> 5 3 6 3 5 0 8 8 0 0 0 8 0 8 5 3 3 0 5 6 6\n F8 8 0 3 5 8 0 8 8 8 6 8 0 5 8 0 6 0 0 6 3\n  3 0 6 6 0 5 8 6 0 8 0 5 8 6 3 6 5 6 3 8 0\n\"0eliti97wl9\""
"    9 7 5 w s 3 e a 4 p r l z h 8 q\n> 1 8 8 8 9 2 4 5 6 8 9 8 9 9 2 4 1\n  8 6 9 6 1 2 5 4 5 8 5 6 1 1 8 2 4\n  6 9 8 5 8 4 8 6 2 6 4 2 4 1 2 9 5\n  9 2 2 4 1 5 4 5 2 1 9 9 5 1 2 5 9\n  2 2 6 8 8 8 6 4 4 8 9 8 1 5 1 6 9\n F5 9 9 4 1 4 5 5 5 5 8 9 2 1 9 8 2\n F4 5 9 6 2 9 9 9 5 1 6 8 8 9 8 8 2\n\"we\""
"    7 0 3 6\n F9 9 2 3 2\n F0 8 7 9 2\n F3 3 8 9 7\n F2 3 3 8 4\n F8 8 8 3 7\n> 7 2 9 8 2\n  4 9 7 7 7\n\"3\""
"    a b c d e f g h i j k l m n o p q r s t u v w x y z 0 1 2 3 4 5 6 7 8 9\n  0 3 2 5 3 4 2 5 5 5 4 0 2 5 3 0 2 1 3 1 2 2 5 0 0 2 0 3 3 4 3 5 0 1 4 5 4\n  1 3 2 1 0 2 1 2 4 5 4 2 2 4 1 1 5 3 3 5 5 4 2 5 4 5 3 4 1 1 3 2 5 5 0 0 1\n  2 0 2 1 3 2 4 3 0 0 2 3 1 4 3 4 2 1 2 3 5 1 1 0 0 1 4 2 5 2 1 2 4 2 0 0 4\n  3 0 1 4 5 3 3 5 4 5 5 1 2 3 4 1 5 3 2 0 2 2 3 1 1 2 0 0 5 1 2 2 3 3 5 0 4\n  4 3 0 0 3 2 1 3 2 4 5 3 4 3 4 3 1 5 0 5 4 5 2 4 1 4 1 2 1 1 0 5 1 5 1 0 5\n> 5 3 1 5 1 2 0 0 5 1 1 3 1 0 5 1 4 4 1 3 4 2 0 1 1 0 4 0 1 2 4 1 0 2 2 4 0\n\"hp63cn0atcode1jggolfv5jt87x\""
"    u c g l n v 8 4 5 t 6 z k y r s 9 j p b 7 w 2\n> 7 7 7 7 7 7 7 7 7 7 7 7 7 7 7 7 7 7 7 7 7 7 7 7\n\"kku\""
"    0 1\n F0 1 1\n>F1 3 0\n  3 3 3\n\"01010\""
"    1 0\n> 0 2 1\n  1 3 1\n  2 2 2\n F3 3 1\n\"11010100\""
"    y s j x 7 v 9 t m 4 z p l g b u o k c 2 8 q e\n F6 7 2 6 8 7 5 5 7 1 2 9 9 6 1 1 1 2 7 1 2 2 5 6\n  2 6 7 8 9 5 8 9 1 7 1 9 5 1 5 2 1 5 5 8 9 8 6 1\n  8 9 8 8 2 6 8 7 2 5 1 7 5 9 8 9 2 1 6 5 1 7 2 9\n  7 2 1 6 9 6 7 7 8 7 5 5 1 5 8 6 5 8 6 9 1 8 1 8\n>F9 1 7 6 2 5 8 8 6 8 9 5 5 7 5 7 8 7 2 8 2 6 5 8\n  5 5 5 1 6 2 5 2 5 6 1 6 9 2 2 2 8 9 9 6 6 2 9 6\n  1 9 5 1 8 2 1 1 7 5 1 9 7 7 6 6 7 2 9 8 2 1 1 1\n\"zqycvkgpyjugm9jpstt\""
"    0 1 2 3 4 5 6 7 8 9 a b c d e f\n F4 4 4 4 4 4 4 4 4 4 4 4 4 4 4 4 4\n  3 0 0 0 0 0 0 0 0 0 0 0 0 1 0 4 0\n  2 0 0 0 0 0 0 0 0 0 0 0 0 1 3 0 0\n  1 2 0 0 0 0 0 0 0 0 0 0 0 0 0 0 0\n> 0 0 0 0 0 0 0 0 0 0 0 0 0 1 0 0 0\n\"123456789c0de801f\""
"    r d c a b\n>F0 0 0 0 0 0\n\"abracadabra\""
"    0 1\n> 0 2 1\n  3 3 1\n F2 2 2\n F1 3 1\n\"01010100\""
"    o q c m x l 9 r v a n i 6 k p w j 5 1 s h 3 t 7 0 g 2 d 8 f z y 4 b\n  6 6 6 5 0 0 5 6 6 6 5 0 6 0 5 5 0 6 5 5 5 0 5 5 5 5 0 0 0 0 5 5 5 5 6\n  0 0 0 6 0 0 6 6 0 0 0 6 0 0 5 6 6 6 0 6 0 0 0 5 6 5 5 0 6 5 5 6 6 5 6\n>F5 5 0 5 5 6 6 6 5 0 0 6 0 0 5 6 5 0 5 5 6 0 6 5 0 5 0 6 5 0 0 5 6 0 0\n\"dlsr\""
"    x z j 7 g 5 l 0 h y i b 3\n> 8 9 4 2 0 6 8 5 9 4 1 4 0 2\n F9 2 9 1 9 8 8 4 5 1 8 4 6 8\n F6 4 6 1 2 4 2 2 6 6 5 9 2 1\n  0 2 9 6 6 4 1 2 1 2 2 1 5 8\n  4 5 1 1 0 1 0 9 4 1 4 9 9 9\n  1 5 6 9 6 1 0 5 6 8 4 9 0 0\n F5 4 2 6 6 0 9 6 6 5 9 6 6 9\n  2 6 5 9 2 2 5 6 8 0 4 4 4 9\n\"gyji\""
"    a\n> 0 1\n F1 2\n F2 0\n\"aaa\""
"    r q g t c k u f w 4 m h p 6 2 i 0 y\n  3 0 5 3 5 5 5 3 3 0 3 0 5 0 3 5 3 3 5\n  5 3 5 5 3 0 5 0 0 0 3 3 5 0 0 3 5 0 5\n>F0 5 5 0 5 0 3 0 0 5 0 5 5 3 5 3 0 0 3\n\"6r0ruychc2i\""
"    0 1 2 3 4 5 6 7 8 9 a b c d e f\n F4 4 4 4 4 4 4 4 4 4 4 4 4 4 4 4 4\n  3 3 3 3 3 3 3 3 3 3 3 3 3 3 3 4 3\n  2 2 2 2 2 2 2 2 2 2 2 2 2 2 3 2 2\n  1 2 1 1 1 1 1 1 1 1 1 1 1 1 1 1 1\n> 0 0 0 0 0 0 0 0 0 0 0 0 0 1 0 0 0\n\"123456789c0d3801f\""
"    u w z h 8 i e r b 5 a p l m c 7 t y d 3 v x g j 2\n  0 0 0 9 0 0 9 9 9 0 0 9 9 0 0 9 9 0 9 0 9 9 9 0 0 0\n> 9 0 9 9 9 9 0 9 9 9 0 0 9 9 9 9 9 9 9 9 0 9 9 9 9 9\n\"cbrg\""
"    i r d b o 4 l f w z 8 k 1 h 9 u e y 7 c g m n\n>F2 2 2 2 2 5 5 2 2 2 2 2 2 2 2 2 5 5 2 5 5 2 2 2\n F5 5 5 5 2 2 2 5 2 5 2 2 5 2 5 5 2 5 5 2 5 5 2 2\n\"fdkl4f1y\""
"    0 1\n> 0 2 1\n  1 3 1\n  2 2 2\n F3 3 1\n\"01010101\""
"    a\n> 0 1\n F2 2\n F1 0\n\"\""
"    x y o u c t g n l 5 0 i k\n  3 4 2 7 3 2 7 4 2 2 7 3 7 4\n F2 2 7 3 7 7 3 2 7 7 3 4 2 4\n  4 7 4 3 7 7 2 3 2 7 4 7 3 3\n> 7 4 7 7 7 4 7 2 2 4 4 4 4 2\n\"itinonc\""
"    j 5 g 1 r c 7 0 p u f 2 6 e w a\n> 4 4 5 4 3 4 5 4 4 3 5 4 4 4 3 5 4\n  5 3 3 4 5 5 5 4 5 3 4 4 5 5 3 5 4\n F3 3 3 4 4 4 4 3 4 4 4 4 3 5 4 4 3\n\"j\""
"    a b c d r\n>F9 9 9 9 9 9\n\"abracadabra\""
"    p v x f 5 m a o k g 7 n u 2 d\n> 0 3 1 4 9 2 5 9 5 6 2 0 4 2 4 0\n F9 0 0 2 2 4 6 3 5 9 0 2 3 4 5 1\n  1 0 3 1 5 0 9 3 6 0 1 2 0 9 3 5\n F2 5 1 5 3 2 3 2 1 1 0 9 5 0 2 9\n F6 6 5 3 9 1 0 3 0 0 4 2 5 3 0 0\n  4 9 3 4 5 9 9 9 1 2 2 2 3 2 2 4\n F5 5 5 3 6 2 5 9 3 9 1 6 1 4 6 9\n F3 4 5 5 9 1 2 1 6 2 1 3 3 4 2 0\n\"2vnu72\""
"    a b c d e f g h i j k l m n o p q r s t u v w x y z\n>F0 1 0 0 0 0 0 0 0 0 0 0 0 0 0 0 0 0 0 0 0 0 0 0 0 0 0\n  1 0 1 1 1 1 1 1 1 1 1 1 1 1 1 1 1 1 1 1 1 1 1 1 1 1 1\n\"bananajazz\""
"    a b c d e f\n> 0 0 0 0 1 0 0\n  1 0 0 0 1 0 2\n  2 3 0 0 1 0 0\n F3 3 3 3 3 3 3\n\"aabacadafad\""
"    2 5 p 8 j a u g i 3 d 6 x 0 t s q n z f o m\n  9 8 8 4 4 4 8 9 6 8 9 6 9 9 4 9 6 4 4 6 6 8 4\n> 8 8 6 4 9 8 6 4 8 9 4 4 6 8 4 8 4 4 6 6 9 9 8\n F6 8 6 6 8 8 9 9 9 8 8 6 4 8 4 4 9 9 6 9 8 4 9\n F4 9 4 6 8 9 4 9 8 6 4 8 9 4 9 4 9 4 6 6 4 9 4\n\"oxp8umqzfnfp3i\""
"    a b c d r\n> 0 0 0 0 0 1\n  1 2 0 0 0 1\n F2 0 0 0 0 1\n\"barra\""
"    a b c d e f g h i j k l m n o p q r s t u v w x y z 0 1 2 3 4 5 6 7 8 9\n F0 7 6 1 4 7 2 6 7 4 0 1 5 1 5 1 8 8 7 3 0 5 3 5 8 4 0 9 2 7 9 7 4 8 9 8 9\n> 1 7 8 0 9 8 7 0 0 6 6 5 7 6 0 6 0 3 4 0 4 0 9 3 8 7 2 9 1 9 7 9 1 6 0 1 7\n F2 5 2 4 7 1 1 7 9 3 1 5 9 4 5 0 6 4 1 1 5 4 1 8 9 8 4 5 2 0 5 5 7 1 0 1 2\n F3 4 3 6 8 3 5 0 8 8 6 1 2 0 6 4 3 0 0 0 4 4 3 4 0 7 7 8 6 1 2 7 5 1 1 3 3\n F4 3 6 8 9 6 6 6 1 1 0 8 3 2 8 5 3 2 5 0 6 3 1 7 6 7 6 7 3 9 9 1 6 9 1 1 4\n  5 1 9 2 1 5 9 2 0 8 0 3 3 2 8 5 6 0 4 9 6 4 9 5 6 7 2 9 5 6 5 0 8 9 4 6 8\n  6 9 1 0 9 9 2 2 8 8 4 5 9 6 4 2 1 8 2 2 0 6 7 7 1 7 0 6 1 0 7 1 0 0 8 3 0\n  7 1 8 9 7 7 5 5 8 6 4 7 9 4 6 0 5 6 3 0 9 2 5 5 3 2 4 9 7 9 3 3 2 9 2 6 6\n  8 9 8 7 0 9 7 1 8 2 6 2 5 1 0 6 8 5 1 3 1 1 2 2 0 9 9 4 6 7 4 2 2 8 9 5 9\n  9 5 3 0 7 1 2 8 1 9 4 1 2 2 5 4 1 3 7 6 1 5 3 0 7 1 5 2 5 3 9 3 9 1 5 0 9\n\"iy0ucodebtoog7ugolfc8q2xm\""
"    h 0 f b s i 9 2 t o 7 c v\n  9 9 3 8 4 8 6 3 4 9 4 9 3 8\n  3 4 9 3 6 8 8 6 9 5 4 9 9 4\n  4 6 5 8 4 9 5 3 5 3 8 3 6 9\n  6 4 8 9 8 3 8 6 5 9 9 5 9 3\n> 5 4 4 3 9 5 5 8 3 6 4 4 9 5\n  8 4 5 8 9 8 4 3 5 5 4 9 9 6\n\"oht7\""
"    4 k x c w e y h g t j f z o p 5 l 3 1 0 9\n F1 1 1 3 1 9 3 6 3 3 4 3 2 6 3 9 1 4 2 3 6 3\n> 6 4 2 4 1 1 1 6 2 4 4 2 4 6 2 9 4 3 1 5 5 5\n F2 5 1 1 6 4 1 3 5 6 4 2 2 4 6 3 6 1 3 6 1 5\n F3 9 5 4 2 4 5 2 4 5 2 6 6 6 9 5 6 2 4 9 9 9\n  4 1 5 4 2 4 6 9 5 5 2 4 5 1 5 4 9 2 6 5 3 9\n F9 4 5 1 3 2 5 5 4 2 6 9 3 2 6 5 4 6 2 9 5 5\n F5 5 3 4 5 3 4 6 4 6 1 3 5 2 2 4 5 5 3 9 3 2\n\"5egk\""
"    7 a k u y 8 1 d v g 3 4 h z b r 5 n 0 i t e\n F9 0 3 0 1 3 5 5 3 9 0 1 3 1 0 3 5 1 3 0 0 5 1\n F1 1 5 3 5 0 1 0 0 9 9 9 5 3 1 0 3 5 9 5 0 3 5\n> 3 0 1 9 1 3 5 5 9 5 5 3 5 0 5 9 1 3 9 5 5 1 1\n F5 0 5 5 5 9 3 1 3 5 0 3 3 3 5 1 5 9 1 9 5 9 9\n  0 3 3 1 1 0 1 0 3 5 5 5 0 1 1 1 1 1 3 0 1 9 9\n\"bykg5i3ty5\""
"    v 3 u x p 7 z h a m j f g n i k 4 9 l c 5 2\n  2 5 5 1 1 5 5 1 3 1 9 1 3 9 5 9 2 2 5 1 2 9 2\n F3 2 3 2 1 5 1 9 1 1 9 1 1 5 2 9 9 9 5 9 1 9 1\n> 1 3 1 1 5 3 2 1 2 1 9 1 2 1 5 3 2 3 5 2 5 2 2\n F5 9 1 9 9 2 5 9 5 5 5 2 1 3 2 2 9 5 9 9 9 9 9\n  9 5 2 9 5 1 5 1 5 2 1 5 5 1 2 1 2 1 5 3 9 5 2\n\"pavxlnakvap77\""
"    i q 6 a g\n F6 0 4 4 6 6\n>F4 8 6 4 6 4\n  7 7 4 6 7 6\n  0 0 4 0 4 7\n  8 4 0 4 0 8\n\"6i\""
"    u h r i\n F9 4 4 6 9\n F3 9 6 8 6\n F8 2 5 2 2\n  4 2 3 6 3\n> 2 6 2 4 5\n  5 3 4 5 4\n  6 6 4 2 4\n\"uuuh\""
"    k t 2 r 3 e m c 9 j p d 0 x l w b\n> 2 9 1 2 1 1 9 1 9 9 1 2 2 9 2 2 2 2\n  1 9 1 9 9 9 9 2 1 1 1 2 1 9 2 9 2 2\n F9 1 9 9 1 2 2 1 2 9 2 9 1 2 9 2 9 1\n\"kdetmb\""
"    0 1\n>F0 2 1\n  1 3 1\n F2 2 2\n  3 3 1\n\"01010101\""
"    9 p 8 3 c\n>F7 8 4 7 4 6\n  4 8 9 8 4 8\n F9 8 4 4 4 8\n F6 8 6 7 6 7\n  8 8 9 8 7 4\n\"8p\""
"    b 1 8 u g 4 j i m q t k\n  9 9 2 9 9 7 2 4 4 1 1 0 0\n F1 9 1 0 1 4 5 9 3 9 1 0 5\n F4 5 5 5 0 5 7 3 5 9 7 9 1\n>F3 9 3 2 0 1 7 7 9 5 0 4 3\n F5 1 4 1 4 2 5 3 9 1 1 9 0\n  0 2 5 0 4 7 2 0 2 0 4 9 0\n F2 2 9 1 0 4 4 3 9 9 3 4 5\n F7 4 4 2 0 0 2 2 7 9 1 9 3\n\"q4gbm4iqib\""
"    d 3 7 e r t 6 o f 9 x\n  9 9 9 9 9 7 9 7 9 7 9 7\n> 7 9 7 9 9 9 9 9 7 7 7 9\n\"r67\""
"    0 1\n F0 1 1\n>F1 3 0\n  3 3 3\n\"\""
"    c b a d e f\n> 0 0 0 0 1 0 0\n  1 0 0 0 1 0 2\n  2 3 0 0 1 0 0\n F3 3 3 3 3 3 3\n\"dfa\""
"    y 3\n F6 4 4\n F8 1 5\n F4 4 4\n  0 5 8\n>F1 6 5\n  5 4 6\n\"3y\""
"    n s x u 8 q 9 z 2 d t b 1 0 m c f w 3 k o r y 7 g\n> 3 9 5 5 9 9 5 9 3 9 5 9 9 5 9 5 5 9 9 9 3 3 3 9 9 9\n  5 9 9 9 9 5 3 5 3 5 3 9 5 5 9 5 5 9 9 5 5 3 3 3 9 3\n F9 3 9 3 9 5 9 5 9 3 5 9 3 9 9 3 9 3 3 5 9 9 3 5 5 5\n\"0\""
"    i c j w 4 t 5 y 0\n F5 8 2 8 2 8 5 2 3 2\n> 3 8 3 5 3 2 8 2 9 8\n  8 3 5 2 4 3 9 8 3 8\n  4 4 2 3 5 4 8 4 3 4\n  2 9 3 2 5 4 5 4 4 8\n  9 9 4 2 2 5 3 9 9 3\n\"c\""
"    c q v d s y 0 m k p 3 4 n i 9 e t h f z w g a 6\n  1 4 7 7 2 3 8 4 2 1 3 3 8 8 0 1 8 2 1 4 4 3 1 1 2\n  0 2 0 2 5 2 2 5 0 5 7 8 2 4 2 1 5 0 1 5 5 8 5 4 8\n F7 2 2 4 7 5 8 8 4 3 3 8 2 8 2 5 8 2 0 2 1 2 8 8 3\n>F3 4 7 2 0 1 7 8 7 4 4 2 5 4 8 2 0 7 5 1 4 7 8 8 4\n F8 4 1 0 4 3 3 5 5 4 8 7 1 0 8 3 7 8 7 2 5 4 1 1 0\n F4 2 2 2 8 8 5 0 0 3 5 1 5 8 0 8 5 1 1 0 1 0 0 5 8\n  5 3 5 1 0 0 7 4 0 4 4 3 5 1 1 4 8 2 4 0 0 4 2 4 2\n  2 2 1 5 0 0 2 7 1 5 3 0 1 1 5 1 4 3 8 4 8 7 7 1 8\n\"skahc0ef\""
"    z 5 w n 2 g o j v t 3 u x l\n  9 5 6 9 6 2 2 2 6 1 1 4 4 1 1\n  6 9 4 4 5 5 7 2 1 1 7 9 6 9 6\n> 4 2 4 1 4 5 5 6 9 4 6 5 7 1 9\n F7 7 2 5 4 5 2 4 9 1 9 5 7 4 6\n  2 6 7 5 7 4 5 1 9 1 9 7 6 4 6\n F1 2 5 4 9 7 9 5 5 2 7 2 4 1 4\n  5 4 1 9 5 5 4 5 7 4 2 4 1 7 7\n\"vvutwvw\""
"    8 2 k i c\n F6 0 8 5 3 9\n F0 1 0 6 9 3\n  8 9 5 8 9 0\n  1 5 3 9 3 1\n  5 0 5 9 3 1\n>F3 6 8 3 0 6\n  9 5 8 5 5 6\n\"2i\""
"    a b c d r\n> 0 0 0 0 0 0\n\"abracadabra\""
"    0 1\n> 0 2 1\n  1 3 1\n F2 2 2\n  3 3 1\n\"01010101\""
"    x\n  8 0\n>F6 6\n  0 0\n\"x\""
"    1 y 2 f e\n F3 4 1 7 5 9\n  7 6 8 7 3 7\n  1 4 1 7 6 5\n  8 7 6 1 1 5\n F5 3 8 4 3 1\n F9 8 1 4 9 8\n>F6 5 7 7 8 6\n F4 4 3 8 5 7\n\"ee1\""
"    y 6 5 j u\n F7 4 7 9 8 4\n  8 6 4 1 6 4\n F6 2 8 6 5 1\n F2 2 7 2 4 8\n F9 5 7 4 6 4\n>F5 5 1 5 1 4\n  4 9 6 8 8 1\n F1 9 1 1 1 9\n\"j6\""
"    y m k s t x 1 h u 6 4 0 b z j 2 9 a r 8 7 g l w\n F9 9 9 9 8 9 9 2 2 4 4 8 4 8 9 4 4 4 9 9 4 9 9 8 9\n>F2 4 9 2 2 9 8 2 2 2 2 8 8 2 2 4 4 2 2 4 9 4 9 9 2\n  8 4 2 2 8 4 8 8 8 2 4 9 2 2 4 8 2 8 4 4 8 9 2 9 4\n  4 9 9 2 4 8 8 2 4 8 9 9 2 2 2 8 8 8 8 8 4 4 8 4 4\n\"94l4\""
"    0 1\n F0 1 1\n>F1 3 0\n  3 3 3\n\"101000\""
"    0 1\n> 0 2 1\n  1 3 1\n F2 2 2\n  3 3 1\n\"10101010\""
"    g\n  4 1\n> 6 4\n F2 4\n F5 7\n  9 4\n F7 3\n F3 4\n  1 5\n\"\""
"    t c 4 0 o s a u 7 g 6 x 9 m f i v q h z j\n>F7 7 3 3 7 7 7 3 3 7 7 7 7 3 7 7 3 3 3 7 7 7\n  3 3 7 3 3 7 7 7 7 7 3 7 3 3 3 3 3 7 3 7 3 3\n\"zf\""
"    m e 2 3 f r i x 0 6 y\n  8 2 2 2 8 9 8 9 9 7 8 9\n F2 7 9 7 9 2 2 2 2 2 8 7\n>F7 9 9 2 9 7 9 8 2 7 8 9\n  9 7 7 9 2 2 8 7 7 9 7 9\n\"x0f0y\""
"    k e o g d 5 n 9 j b t f p h r\n>F8 3 1 4 2 3 2 9 4 9 9 1 1 6 4 3\n  2 8 2 3 9 6 1 2 4 8 1 3 6 3 6 1\n  1 2 8 2 9 8 1 2 2 2 3 8 8 6 3 3\n F4 9 4 8 2 3 6 8 3 9 3 1 8 3 1 4\n F9 9 6 4 2 2 6 6 1 3 4 4 8 8 1 8\n F6 9 8 2 3 9 8 8 8 6 9 8 2 4 8 3\n  3 4 6 3 9 3 9 8 8 3 2 8 3 4 4 6\n\"ooordntngjh\""
"    0 1\n> 0 2 1\n  1 3 1\n  2 2 2\n F3 3 1\n\"01010101\""
"    6 1 o p k d y c b a l w s z t x h 3 g 2 v 0\n>F8 6 6 6 6 3 3 6 6 7 3 8 3 8 3 3 7 3 7 7 6 7 7\n F7 7 7 8 3 3 3 6 3 8 7 6 3 3 6 7 7 3 7 6 8 7 3\n  6 3 3 6 3 7 6 3 8 6 8 8 7 3 7 8 8 6 3 6 6 6 6\n F3 7 6 6 6 6 8 8 8 3 3 6 3 8 8 7 6 7 7 8 7 8 6\n\"gxdc1pw\""
"    w e p 2 u 3 9 t l 1 z m b x d k 8 y r f 4 v\n F0 4 5 0 2 5 2 0 6 5 5 6 0 2 4 6 4 6 4 6 0 6 0\n  5 6 0 5 0 6 6 4 5 4 6 5 2 0 2 5 4 0 4 6 5 2 5\n  4 6 4 6 2 2 4 6 2 5 6 0 5 6 2 0 5 6 4 4 0 0 4\n>F2 5 6 5 2 5 2 5 5 0 5 2 2 5 4 5 0 2 6 2 5 0 4\n  6 4 2 6 6 2 0 6 6 0 5 5 6 4 5 5 0 0 4 4 5 2 0\n\"dp341e\""
"    d s o 4 n 8 a y c 9 m v e\n> 4 4 4 4 4 4 4 4 4 4 4 4 4 4\n\"4sys\""
"    3 p t s u z e 4 d k o m 2 g j 0 a 1\n  2 0 9 9 9 2 9 2 0 9 9 0 0 0 0 2 9 9 9\n>F9 0 0 9 0 2 9 2 9 0 0 0 0 2 2 2 0 2 0\n  0 2 0 0 0 0 0 9 2 2 2 0 0 9 2 2 0 0 0\n\"j2e0j\""
"    t n c m v s 1 w 6 i y 4 8 9\n  4 9 4 7 0 2 7 4 7 5 5 4 4 9 9\n F2 9 4 7 2 9 2 7 5 2 0 4 0 7 4\n  9 4 2 0 9 4 7 9 4 4 2 5 5 9 5\n F5 4 5 2 7 2 0 7 5 7 9 2 5 7 0\n  7 5 9 4 0 7 4 2 0 7 5 4 5 2 7\n> 0 5 9 2 5 9 9 9 2 2 9 5 7 2 0\n\"t\""
"    l n t 0 x q d h p m z c 4 w e v 8 6 g\n>F2 2 2 2 2 2 2 2 2 2 2 2 2 2 2 2 2 2 2 2\n\"mx404p\""
"    8 t r x v 1 e\n>F1 2 6 1 6 8 1 8\n  8 6 8 1 1 6 6 6\n F6 2 1 1 8 4 1 1\n  4 8 8 6 8 2 8 8\n  2 8 6 2 4 4 6 1\n\"8rve1r1\""
"    n o p q r s t u v w x y z a b c d e f g h i j k l m\n>F0 0 0 0 0 0 0 0 0 0 1 0 0 0 0 0 0 0 0 0 0 0 0 0 0 0 1\n  1 1 1 1 1 1 1 1 1 1 0 1 1 1 1 1 1 1 1 1 1 1 1 1 1 1 0\n\"bananajazz\""
"    d 9 5 a z j y l 3 g i 4 7 2 p 6\n> 9 9 9 9 9 9 9 9 9 9 9 9 9 9 9 9 9\n\"3jdj4\""
"    a b c d e f g h i j k l m n o p q r s t u v w x y z\n> 0 1 0 0 0 0 0 0 0 0 0 0 0 0 0 0 0 0 0 0 0 0 0 0 0 0 1\n F1 0 1 1 1 1 1 1 1 1 1 1 1 1 1 1 1 1 1 1 1 1 1 1 1 1 0\n\"panamajazz\""
"    f e d c b a 9 8 7 6 5 4 3 2 1 0\n F4 4 4 4 4 4 4 4 4 4 4 4 4 4 4 4 4\n  3 0 0 0 0 0 0 0 0 0 0 0 0 1 0 4 0\n  2 0 0 0 0 0 0 0 0 0 0 0 0 1 3 0 0\n  1 2 0 0 0 0 0 0 0 0 0 0 0 0 0 0 0\n> 0 0 0 0 0 0 0 0 0 0 0 0 0 1 0 0 0\n\"123456789801f2c0d\""
"    w 2 4 7 o p h g j 0\n  8 6 8 6 8 6 8 6 6 8 6\n> 6 8 8 8 6 6 6 8 6 6 6\n\"w72w\""
"    t 1 c n 9 e y 6 g f h 2 x i w m s d\n  6 5 4 6 8 5 8 6 0 5 4 5 4 2 6 6 8 4 1\n  2 5 8 5 8 2 4 1 1 6 1 0 0 4 5 5 5 4 5\n  5 6 0 4 2 4 0 0 4 5 4 6 0 1 8 5 8 4 2\n> 1 0 8 8 2 5 8 2 0 5 0 8 8 0 5 8 4 5 0\n  4 5 5 8 5 1 1 0 1 4 1 1 2 8 5 1 4 5 2\n F8 5 1 4 0 4 4 1 4 1 8 8 2 4 1 6 2 6 0\n  0 2 8 5 2 5 0 1 6 6 6 6 2 6 8 2 4 8 6\n\"het6f9hg\""
"    g s u 4 i 9 6 1 p j r 5 m 7 l 3 n y\n  3 7 3 7 7 4 3 3 7 4 4 4 7 7 7 3 3 3 7\n F4 4 7 3 4 4 3 3 7 3 4 4 4 3 7 3 4 4 7\n>F7 3 3 7 4 7 3 7 3 3 4 4 3 3 4 3 3 3 7\n\"ny161n5\""
"    g h f m x v r 4 0 2 8 y b k 1 i p u n 5 9 s e\n  6 7 2 5 7 2 2 7 0 2 0 9 2 9 5 9 0 9 0 6 2 2 7 7\n F5 0 5 5 5 5 9 7 6 5 5 9 2 2 2 7 5 2 9 7 7 5 5 2\n  9 0 5 0 5 6 7 2 5 6 2 2 0 2 0 5 6 6 7 7 2 0 2 7\n  2 5 2 9 2 0 9 6 0 9 0 5 7 2 0 2 7 7 2 2 7 9 2 7\n>F7 6 6 9 7 7 6 5 6 2 2 6 0 2 2 9 6 2 2 2 9 2 0 7\n  0 7 2 9 5 9 7 5 6 5 2 6 6 7 2 9 5 5 2 6 7 0 2 6\n\"9u9b0xxne\""
"    s c f 6 q a 9 w\n> 0 0 1 5 0 3 3 1 5\n  5 4 0 7 2 1 7 3 7\n  1 4 2 4 5 2 3 7 3\n  2 4 3 2 4 5 2 0 0\n F7 5 8 3 7 1 1 0 2\n F4 7 2 8 0 5 3 0 5\n F8 7 3 2 1 1 3 5 3\n  3 8 8 0 4 7 4 5 8\n\"acf9ww\""
"    i 6 2 3 9 z u x 4 q k t 5 r d p w v y l c\n  4 4 9 3 3 5 7 7 9 9 4 1 3 9 5 1 5 5 9 9 4 5\n  7 5 1 1 4 7 4 3 3 5 3 5 4 9 5 4 9 4 3 9 7 3\n F9 1 1 1 7 4 1 3 5 3 1 5 4 3 4 5 5 4 4 1 3 9\n F5 5 3 5 9 9 1 7 1 9 7 7 4 7 9 5 5 4 5 7 9 3\n> 3 7 1 3 5 5 5 4 1 4 5 3 7 3 4 9 5 5 5 9 9 1\n  1 3 9 9 5 5 5 5 1 9 4 1 4 9 1 5 1 1 7 9 7 1\n\"vcw\""
"    a\n> 0 1\n F1 2\n F2 0\n\"aaaaaaa\""
"    6 x t d e 4 c 8 i 3 l f q 5 7 y g m\n  5 3 4 3 5 4 8 4 5 8 5 4 8 3 5 8 3 3 3\n>F8 4 3 8 3 5 3 8 4 3 8 4 5 3 3 5 3 8 3\n  3 3 8 5 3 8 8 3 5 3 5 3 3 5 5 5 5 4 5\n F4 8 3 4 5 8 5 5 5 4 8 3 3 4 4 8 8 4 3\n\"8\""
"    0 1\n  1 3 1\n  2 2 2\n> 0 2 1\n F3 3 1\n\"10101010\""
"    a i y t 7 3 s x q 1 v h j 9 c 0 p 6 e m 8 g w z 2\n  2 5 0 2 2 5 6 7 9 7 9 5 5 5 0 2 7 2 6 4 9 7 7 5 7 0\n  6 9 2 2 0 6 0 9 9 4 0 0 7 4 2 7 9 9 0 0 0 7 9 5 4 6\n>F9 4 0 6 2 6 4 5 2 2 5 9 9 5 0 6 2 5 5 5 0 2 4 5 5 9\n F4 7 5 9 7 2 9 9 5 4 0 5 0 7 7 4 7 0 7 0 0 2 0 9 6 6\n  0 5 0 2 5 6 4 0 6 4 9 6 7 6 7 6 4 5 4 0 9 4 5 5 9 9\n  7 6 7 9 0 7 9 2 4 9 2 0 4 9 4 0 4 5 5 2 9 2 6 9 7 2\n  5 7 0 7 2 4 9 4 7 0 0 0 2 9 7 7 7 6 2 5 5 6 9 6 4 9\n\"v2ax0jxpe\""
"    4\n  0 2\n  4 7\n  6 1\n F9 7\n F2 4\n  1 0\n  3 7\n>F7 9\n\"\""
"    3 b i 0 j s m z t h c 2 9 y g x 7 w a k p d 4 5\n F1 3 4 4 4 5 1 5 3 1 1 1 8 8 8 4 8 3 5 2 3 4 1 7 4\n F8 1 7 2 0 3 2 8 2 4 8 2 2 0 2 4 8 1 8 5 2 5 3 5 4\n> 2 8 7 4 4 1 7 1 7 5 2 2 5 2 8 0 4 1 0 3 2 1 4 7 2\n  4 8 4 3 3 8 7 8 8 3 5 5 7 1 1 3 7 8 7 1 2 0 7 2 2\n F3 4 4 5 5 7 3 7 4 3 3 3 0 0 4 0 4 0 2 0 2 1 7 4 5\n  5 8 8 1 4 1 2 3 1 8 4 4 0 4 0 5 2 3 3 7 5 2 5 4 1\n  0 2 3 5 0 2 8 0 3 2 1 7 8 5 4 8 5 3 3 1 4 5 4 1 2\n  7 1 5 7 5 0 8 1 5 2 3 1 7 1 8 2 7 1 3 2 0 2 5 3 5\n\"cy3903shp35ba0\""
"    0 1\n> 0 2 1\n F3 3 1\n  2 2 2\n  1 3 1\n\"11010101\""
"    a 2 y v 7 1 j 5 d z o x h w p t n q\n> 4 4 4 4 4 4 4 4 4 4 4 4 4 4 4 4 4 4 4\n\"7jopq2x2yjv\""
"    5 1 y m 0 7 j o w s 2 e r c z b 3 q t\n  3 3 4 3 3 3 3 3 4 4 3 3 3 3 3 3 3 3 4 4\n>F4 4 3 4 4 4 4 4 3 4 4 3 4 3 3 4 3 3 4 3\n\"mb\""
"    2 q i 0 h m x 8 s 4 e 7 p 5 1 u z v 3 g f o d 9\n F3 2 1 1 6 1 6 3 2 8 2 6 6 3 6 8 8 1 1 1 6 6 2 3 8\n F6 2 2 1 3 8 3 6 6 6 3 8 1 1 1 6 2 3 3 6 6 3 8 8 6\n F2 2 8 6 3 2 6 8 2 3 1 1 8 8 2 1 1 8 6 3 1 2 6 6 1\n>F1 6 8 8 6 8 3 8 8 8 6 2 8 2 2 8 1 8 3 8 6 3 6 1 3\n  8 8 2 1 1 6 3 1 8 1 8 8 6 3 1 6 6 6 3 6 8 6 6 1 1\n\"hh05e1xhop9\""
"    0 1\n>F0 2 1\n F1 3 1\n F2 2 2\n  3 3 1\n\"11010101\""
