479
435
151
975
813
820
891
297
157
848
862
706
225
915
289
135
521
368
640
939
131
961
682
537
328
610
947
647
528
111
781
397
911
548
118
141
546
20
943
895
315
402
916
997
821
477
473
989
524
559
974
582
13
352
732
618
171
428
339
552
347
239
797
817
164
662
89
321
73
550
22
276
138
176
802
193
633
356
803
588
712
254
652
217
549
636
85
751
19
329
27
922
50
929
906
67
0
285
749
146
497
282
541
346
908
379
32
976
96
97
583
174
159
304
982
68
881
205
816
363
888
868
220
320
594
780
608
852
139
298
460
903
299
748
957
294
725
544
178
474
733
924
152
137
155
635
424
766
41
694
901
318
463
295
360
61
369
488
17
188
597
470
738
668
964
934
358
198
765
663
522
507
607
942
199
57
247
771
255
678
708
483
482
322
283
871
95
365
478
709
78
1
853
414
183
589
393
534
843
604
970
447
779
35
614
503
133
655
53
791
47
309
180
12
884
45
290
359
383
270
601
81
511
928
384
529
110
687
902
878
445
718
596
518
945
442
514
650
556
992
390
6
704
845
561
999
927
996
437
439
729
3
508
120
619
720
946
49
969
711
312
793
830
197
191
209
699
476
394
768
801
160
311
649
366
187
472
215
341
890
568
401
701
485
172
39
83
661
973
764
858
777
506
382
343
894
109
993
493
84
977
617
43
484
933
510
310
4
686
345
452
338
836
86
785
292
182
760
29
79
926
651
170
108
2
774
501
375
874
103
257
984
262
539
856
810
555
238
812
448
762
274
624
380
972
214
815
849
621
116
554
832
208
598
585
168
949
250
423
828
565
272
770
491
643
955
740
327
454
950
58
293
776
509
769
313
693
212
590
223
69
385
745
564
46
827
731
434
778
818
396
632
622
163
516
591
226
391
324
234
580
988
792
65
132
399
864
71
387
64
407
837
236
249
995
965
88
987
734
967
918
963
767
756
842
93
512
231
584
70
873
951
713
113
562
335
854
576
334
241
228
361
609
492
344
153
688
616
991
10
863
567
690
464
937
875
349
629
593
739
834
144
665
386
744
666
642
408
189
425
880
230
378
877
798
51
60
91
112
674
799
525
505
154
161
415
261
569
18
410
278
677
273
648
823
667
288
959
264
357
26
515
458
719
419
371
1000
681
398
211
545
455
467
716
54
844
258
233
124
436
948
122
747
956
761
861
752
638
560
316
453
730
900
495
572
513
115
429
475
237
689
935
232
392
519
94
639
114
676
303
148
566
763
703
351
705
90
897
592
317
296
579
337
269
260
362
426
307
406
430
121
531
742
979
980
281
860
553
353
941
958
755
859
263
626
857
480
342
683
201
822
496
44
841
302
107
919
99
438
169
595
28
794
978
898
175
573
533
530
494
983
788
74
782
807
921
574
364
962
413
381
737
252
162
758
101
914
62
920
75
150
990
502
195
831
811
72
741
489
126
611
420
499
291
374
200
37
147
256
370
800
840
910
606
981
691
715
42
336
557
759
431
654
224
376
248
206
277
835
847
143
127
587
819
570
697
240
348
149
156
251
333
660
245
8
775
808
24
128
675
140
743
932
271
753
581
77
34
31
571
620
657
672
403
879
416
55
377
459
9
960
603
846
628
323
722
253
727
80
244
605
14
796
724
456
953
427
575
481
400
145
243
904
457
207
866
52
259
930
202
968
702
56
222
923
33
446
772
806
404
543
931
117
7
119
754
177
658
409
469
631
954
721
526
646
896
664
940
221
395
645
40
698
76
38
600
280
887
913
750
540
714
286
563
331
332
700
673
685
504
838
517
11
653
790
634
441
158
833
670
905
644
125
679
450
944
186
266
242
23
757
268
551
804
773
389
432
869
886
265
787
994
196
275
229
789
63
284
728
599
490
325
433
106
952
194
235
578
422
825
623
615
66
805
218
889
717
851
190
696
181
330
204
487
179
451
938
373
5
36
136
659
308
899
92
986
100
421
892
735
465
462
411
388
372
267
726
210
405
520
213
542
203
326
814
354
680
227
602
314
412
216
418
466
577
826
985
98
440
305
795
130
461
59
350
966
850
909
627
867
876
625
839
855
536
21
498
917
558
25
306
998
523
500
301
219
538
166
300
641
48
925
167
449
287
340
468
707
684
105
367
586
173
710
82
129
417
671
829
16
907
15
656
471
784
870
527
185
613
532
547
971
246
184
134
279
612
723
885
692
104
102
535
809
883
882
695
736
192
319
824
912
786
443
486
87
142
637
893
936
746
444
865
669
123
165
30
630
872
783
355
