"39 55 13 50 51 58 40 28"
"44 64 28 27 43 24 35 44"
"40 41 48 43 61 73 41 14"
"54 7 42 6 43 3 37 28"
"2 3 1 3 2 2 3 3"
"48 77 40 8 86 77 25 40"
"2 2 3 3 6 0 1 3"
"73 41 2 49 47 31 36 21"
"3 20 49 21 0 40 22 25"
"2 2 3 3 2 0 4 3"
"58 65 12 6 57 94 13 8"
"0 0 3 3 2 2 3 3"
"80 68 22 14 48 56 46 43"
"89 25 30 7 17 11 15 23"
"78 67 35 44 55 60 32 24"
"58 26 7 30 35 18 37 22"
"0 6 1 1 2 2 3 3"
"56 83 9 42 37 85 22 43"
"96 21 28 11 93 22 42 11"
"2 2 3 3 0 2 6 4"
"20 27 34 23 2 20 50 46"
"24 13 6 32 99 76 47 35"
"81 92 44 7 100 54 32 44"
"2 2 3 3 0 0 1 1"
"84 34 19 22 68 18 47 31"
"3 0 2 3 2 2 3 3"
"2 2 3 3 2 2 1 3"
"13 84 50 21 44 79 20 21"
"1 24 20 24 63 54 40 18"
"55 65 50 12 98 73 44 12"
"2 2 3 3 6 2 1 4"
"0 0 5 5 2 2 3 3"
"28 31 30 18 6 32 31 8"
"0 0 6 6 2 2 3 3"
"0 0 2 5 2 2 3 3"
"2 2 3 3 0 0 5 2"
"5 3 1 1 2 2 3 3"
"2 2 3 3 0 3 2 3"
"2 2 3 3 0 0 3 2"
"71 62 5 8 67 43 21 43"
"47 96 23 19 35 91 20 31"
"54 7 10 50 56 19 46 4"
"5 0 1 5 2 2 3 3"
"2 2 3 3 5 5 1 1"
"0 0 2 2 2 2 2 2"
"1 78 38 22 17 67 25 30"
"94 62 26 37 86 34 26 40"
"0 0 2 6 2 2 3 3"
"0 6 6 1 2 2 3 3"
"2 0 1 5 2 2 3 3"
"3 1 2 3 3 1 1 3"
"44 13 29 41 72 44 34 20"
"2 2 3 3 3 6 3 1"
"3 0 3 3 2 2 3 3"
"0 3 3 1 2 2 3 3"
"2 2 3 3 2 2 3 4"
"92 0 29 23 97 17 40 44"
"2 2 3 3 3 2 3 4"
"55 33 14 33 65 23 10 11"
"0 2 5 3 2 2 3 3"
"66 0 12 31 61 22 46 22"
"2 2 3 3 0 0 5 6"
"2 3 3 1 2 2 3 3"
"2 2 3 3 3 3 2 1"
"5 0 1 2 2 2 3 3"
"2 2 3 3 3 2 3 3"
"54 64 44 40 63 72 14 14"
"85 26 32 46 81 48 46 46"
"44 75 14 42 56 86 35 29"
"35 76 27 37 47 91 18 13"
"37 18 26 42 81 90 1 9"
"2 3 1 2 2 2 3 3"
"0 0 1 2 2 2 3 3"
"2 2 3 3 0 5 3 1"
"57 82 11 42 26 94 45 49"
"0 0 1 1 3 3 2 1"
"12 89 6 37 17 62 39 38"
"92 43 35 18 55 10 50 46"
"2 2 3 3 0 2 6 1"
"3 6 1 1 2 2 3 3"
"18 47 48 22 14 60 33 45"
"83 46 46 7 27 21 23 18"
"3 3 2 1 3 1 2 3"
"0 2 6 3 2 2 3 3"
"3 0 3 6 2 2 3 3"
"2 2 3 3 2 0 3 1"
"100 10 36 49 95 33 22 39"
"47 19 28 20 33 6 31 49"
"2 2 3 3 3 2 2 1"
"40 30 45 18 50 38 41 23"
"6 0 1 1 2 2 3 3"
"6 2 1 1 2 2 3 3"
"2 2 3 3 2 0 1 1"
"6 3 1 2 2 2 3 3"
"2 2 3 3 6 2 1 3"
"2 2 3 3 0 6 2 1"
"2 2 3 3 0 2 3 1"
"4 10 22 36 11 6 29 19"
"59 29 31 42 61 26 19 32"
"3 2 2 3 2 2 3 3"
"2 2 3 3 2 2 4 4"
"85 61 11 26 77 76 35 44"
"26 46 46 26 37 50 47 45"
"75 67 41 23 88 31 1 50"
"71 56 45 38 74 61 19 10"
"32 41 41 28 62 53 35 15"
"57 6 46 15 96 12 49 10"
"48 15 26 42 29 41 39 24"
"0 6 3 1 2 2 3 3"
"87 25 17 47 60 94 33 14"
"44 69 37 30 20 82 46 3"
"0 3 1 1 2 2 3 3"
"47 7 21 40 57 86 5 37"
"8 19 41 32 34 15 10 16"
"56 38 50 16 23 30 35 49"
"36 11 43 41 62 3 19 21"
"0 3 6 1 2 2 3 3"
"7 69 42 39 23 73 36 21"
"9 90 25 1 19 83 30 44"
"99 8 35 33 94 8 42 28"
"92 32 3 42 62 55 47 11"
"2 2 3 3 6 0 1 5"
"18 71 5 11 64 55 49 8"
"3 3 1 1 2 2 3 3"
"2 2 3 3 2 0 3 5"
"19 37 41 7 16 16 6 38"
"68 43 7 43 64 44 40 47"
"2 2 3 3 3 2 3 1"
"0 3 6 3 2 2 3 3"
"99 92 19 36 89 66 34 29"
"16 77 49 31 20 54 7 24"
"30 88 29 19 27 79 33 19"
"0 0 6 2 2 2 3 3"
"2 2 3 3 0 3 3 2"
"2 2 3 3 0 2 5 1"
"58 2 37 32 44 11 20 3"
"27 30 17 42 8 63 38 3"
"55 57 41 47 76 99 43 34"
"62 83 34 2 54 81 37 28"
"2 2 3 3 3 3 1 2"
"63 82 40 19 49 54 31 49"
"2 2 3 3 3 3 1 3"
"29 82 27 39 0 36 37 47"
"0 2 1 3 2 2 3 3"
"81 47 35 46 75 82 11 23"
"25 58 42 38 32 69 29 20"
"33 26 43 40 7 33 37 39"
"65 19 3 42 35 30 34 47"
"88 56 40 40 98 71 16 41"
"16 75 41 24 5 67 37 47"
"0 3 2 2 2 2 3 3"
"2 2 3 3 0 0 2 2"
"2 5 4 1 2 2 3 3"
"0 0 1 1 0 0 2 2"
"73 37 43 46 51 38 47 33"
"34 12 20 34 33 44 40 19"
"90 56 21 27 96 46 2 23"
"60 42 48 6 90 18 20 29"
"0 5 6 1 2 2 3 3"
"2 2 3 3 0 2 1 1"
"81 14 48 5 47 6 38 27"
"95 74 5 6 63 27 14 22"
"58 31 46 24 55 0 35 41"
"0 0 2 1 2 2 3 3"
"2 2 3 3 2 2 4 1"
"0 0 2 3 2 2 3 3"
"3 0 3 1 2 2 3 3"
"3 2 1 3 2 2 3 3"
"80 55 34 7 63 59 35 43"
"98 62 9 32 93 66 38 9"
"3 2 2 4 2 2 3 3"
"27 44 43 40 64 71 5 13"
"3 3 3 1 2 2 3 3"
"2 0 4 5 2 2 3 3"
"46 32 22 31 26 57 29 34"
"3 5 3 1 2 2 3 3"
"100 50 27 30 68 29 48 38"
"3 6 2 1 2 2 3 3"
"2 2 3 3 2 2 3 3"
"0 3 3 3 2 2 3 3"
"98 35 20 30 61 61 40 5"
"3 0 1 5 2 2 3 3"
"11 95 46 23 49 71 40 37"
"30 73 36 30 52 80 25 50"
"3 1 2 3 0 0 10 10"
"2 3 3 2 2 2 3 3"
"29 54 39 14 44 53 29 36"
"16 67 12 50 18 97 13 6"
"40 63 20 29 27 84 46 8"
"62 71 16 36 52 47 40 37"
