2
17241
88198
2241760
2
1064
-4479
-120
-20894
260203
58915249
-518
-744
-94607736
-2
172800
2510539
-49760292
151
10169
172800
-99
1209600
0
344705
172800
126144679
4602
-1800836
94607699
63072000
-1813611
-172800
-6631
-1209600
120
204497
-1720515
2782669
-120
153364
-280536
11158
-392
-15552939
52
-30379
-285
-4692543802
-21721
120
120
-394778
11162
-172800
-48594
191655
-1210112
173098
-78
1209600
67
-7200
4798
7200
76972
-172426
172800
134455
7200
-7200
-2837
-14
69155
-172800
5149
1209600
-1
-2
127714
-274664
1209117
-172615
-3024386
-258963
-1209600
-5
2957
7200
2
120
-5
2370
-1815011
91
1181376
76302
5764
-3051
101521
-172800
14304
18404
4208
-62
21729
-63072000
-5
319677
1678
154265
-172800
20686
93827
-172800
929356
-376044
26
3776
-41184026
-172800
-87317
45125
-4030
-307193
-3784
518199
-70
2
-7608
-17074
4262
-120
345011
-6770
7200
-4629
-135269
172800
6846300
33860
-5099113
-51807
-116388
26703
3024892
63072000
431252
-4137
2419399
-20816
518282
-48555
-223
-396
172800
-6663
13889
-66814
332678
-1209600
7200
-14610
5184000
-22302
248646
-159588
-12541
258899
-172800
3
87
-1
-1
741728
-6332
-156976
-3
-189215027
5184000
172800
7200
-458800
-11504
-172800
134961
-2007314
-7200
4302
69620
6
-55390
-345012
7200
1
-1272667
2059141
77
7200
-172800
-88
2419630
258455
-29251
-7200
-93180
-87182
25
7200
-73473
120
47208763
6653
654981
187
-7200
125227
-168675
-120
984172
7200
-2
-22181
-95735
-38
5184571
-2560
201
-1
172800
-7200
1
-519094
-2
81
91
15230
172800
2
392
-2
-431702
-1209600
4719
-56
-6799
-324
-375164
-7200
-161050
1
1
-6842067
482016
2517
484561
-752282
-1
1813575
-2496554
-6321
-3024408
-2
-1209600
2
172800
-455669
-12960761
-29205013125
-589466
120
-11977472
-22
7776744
20197654
-958722
-120
105331
-18161
-7200
-258534
670
173078
-107
32
-56
-120
-518634
15316
2501914
268400
2
74490
6
-518585
46
-5184000
330
-2711
-1061129
27230520684
-63072000
1
-1149391
70
-7200
-431960
4664616
1873263
-5184000
-1111915
75026
1209600
375149
21841412235
518610
-431972
-378
-7200
1209600
-3888199
