941
99
615
723
530
22
933
404
149
564
256
577
215
464
381
429
6
242
497
812
430
487
100
232
580
948
845
376
862
727
243
38
894
132
833
608
275
188
206
173
994
968
52
987
477
489
226
502
936
291
765
193
678
97
305
931
142
4
946
301
499
172
420
135
578
534
339
618
257
939
433
878
704
714
36
363
165
956
118
283
984
91
361
937
758
885
299
848
29
754
521
425
977
888
764
761
570
108
77
629
192
455
849
757
660
908
636
66
809
565
675
418
279
900
289
478
476
9
199
526
311
689
681
240
140
832
657
328
252
375
926
831
771
134
318
609
897
235
229
368
15
12
883
217
300
181
366
631
406
661
448
920
988
545
843
372
700
596
945
456
792
728
974
807
286
90
331
870
716
294
238
869
126
39
266
196
538
415
136
800
387
613
89
494
273
952
280
607
766
467
233
532
364
346
432
365
805
861
837
374
465
284
814
44
877
964
105
435
281
26
114
583
70
247
821
979
991
56
164
310
439
950
919
584
947
793
587
880
398
622
586
131
507
643
736
343
846
428
644
492
293
500
176
113
929
844
652
960
854
787
790
157
198
342
796
922
962
74
269
371
932
143
717
18
167
326
410
543
785
11
427
770
518
185
222
579
65
804
385
436
887
645
525
966
628
161
359
274
394
480
201
597
82
216
341
261
996
148
674
208
120
78
986
177
267
80
739
389
847
722
214
759
416
107
332
302
383
954
75
127
620
350
147
150
493
989
321
101
288
980
225
680
159
581
928
881
784
349
351
129
419
202
484
614
317
61
663
651
106
508
1
828
397
414
98
122
458
451
552
965
236
797
474
155
907
769
117
973
642
337
230
791
650
967
744
194
520
527
42
13
969
512
444
422
841
971
20
48
855
640
460
610
703
453
69
407
959
64
219
322
734
505
827
16
884
903
882
119
440
121
635
557
47
893
470
915
634
859
892
67
352
297
699
413
751
111
334
786
270
469
910
53
468
473
133
471
58
203
102
409
271
382
853
313
515
588
822
421
335
437
162
875
34
741
348
737
506
860
481
213
103
889
190
495
561
824
124
705
803
781
10
667
62
308
801
914
324
358
152
898
336
626
957
924
963
168
748
245
5
511
449
592
554
795
858
330
160
918
169
45
664
546
726
688
745
205
264
909
191
170
93
777
811
442
724
852
925
298
695
658
725
732
598
207
446
340
424
79
228
665
179
250
466
399
789
223
913
204
551
7
558
923
323
808
599
708
379
357
555
677
830
756
571
139
377
384
542
539
746
513
710
997
81
83
314
711
993
566
327
673
443
304
87
687
604
285
624
355
690
523
390
153
386
595
826
653
709
94
447
55
459
749
338
641
85
405
901
774
594
612
930
184
249
516
733
408
899
742
851
287
955
309
863
815
671
380
221
116
992
333
14
24
659
182
879
865
668
483
780
260
180
49
400
902
633
721
54
637
978
312
864
41
295
485
306
524
802
743
630
773
353
606
927
92
573
623
450
461
547
23
370
958
237
253
128
360
522
838
896
567
548
569
462
307
544
730
972
258
535
917
503
248
886
19
171
856
943
510
211
605
719
942
738
934
3
401
166
553
423
32
541
231
621
574
395
528
731
696
282
799
935
50
218
33
576
501
86
392
753
454
130
944
639
263
40
895
905
154
156
31
145
251
694
691
712
772
783
836
563
842
760
763
178
625
402
378
37
95
51
504
30
8
938
600
212
224
560
982
591
57
123
486
277
137
347
151
431
490
911
868
197
981
819
601
593
976
559
200
702
676
329
867
344
96
479
303
187
369
649
794
0
768
452
686
210
788
648
373
810
572
562
866
517
84
63
88
951
411
239
619
345
871
28
536
272
463
220
109
537
669
735
829
750
707
617
713
417
367
692
163
798
189
292
654
834
412
998
362
602
891
403
115
857
254
438
290
779
174
983
912
265
146
356
611
776
698
112
813
921
906
498
670
59
876
278
60
296
315
556
638
354
627
276
426
25
183
953
874
693
603
647
43
234
850
890
672
970
488
817
391
17
21
71
549
325
916
529
904
666
531
393
646
747
949
778
241
475
491
720
701
175
316
585
840
839
575
533
755
999
519
73
550
679
655
818
835
697
975
820
76
632
590
158
125
144
227
816
268
35
656
104
434
752
244
320
568
72
782
457
825
262
682
985
616
961
540
729
46
872
209
141
582
715
246
138
767
684
873
995
762
990
940
509
472
662
589
396
319
388
445
441
110
514
195
740
68
683
685
775
806
2
186
823
259
255
706
718
27
496
482
