"7 7 7 7 57"
"1 8 13 13 13 13 13 13 13 13"
"6 6 12 12 23 37 46 50 52 59"
"3 3 3 3 26 35 47"
"8 8 8 8 23 23 23 25"
"7 8 8 8 8 50 51 58 71"
"8 20 25 35 42 45 47 57 79"
"13 17 20 20 20 23 28"
"10 10 10 10 10 10 26 33 40 54"
"1 1 1 48"
"2 5"
"8 8 8 8 22 30 32 45 47 55"
"2 2 2 20 20 25"
"11 11 11 11 64 64"
"11 11 11 20 20 20 22 25"
"8 8 8 8 8 8 8 8 45 61"
"31 31 31 31 42 80"
"2 2 2 33 33 33 38"
"1 1 6 6 6 6 48"
"13 24 53 69 77 78 79"
"10 10 10 10 10 45 56"
"40 40"
"4 10 10 10 10 43 45 46"
"2 25 25 25 38 43 59 62 66 73"
"1 1 1 1 1 1 1 1 27 39"
"5 6 19 19 29 33 37 51 54"
"2 2 65 65 65"
"2 2 2 2 2 31 49 61"
"3 5 13 13 13 13 29 37 41 42"
"19 19 19 53 57 62 65 66"
"6 6 6 6 6 17"
"7 7 7 7 7 40 43 44"
"1 1 8 8 8 24 26 30 34 55"
"4 4 4 43 43 43"
"9 9 18 18 18 27 55"
"2 2 2 2 2 2 2 2 2 14"
"2 22 30 30 30 30"
"6 6 6 6 49 49 49"
"12 12 12 27 27 49 53 71 79"
"2 2 2 2 10 10 10 10"
"7 13 22 28 52 55"
"17 22 30 51 65"
"10 10 10 10 39 39 43"
"8 8 33 33 37 46 49"
"6 6 6 6 6 6 6 40 50 52"
"11 11 11 11 11 37 37 37 40"
"3 3 3 3 3 3 3 9"
"2 2 2 2 2 2 20 38"
"4 4 14 14 53"
"4 4 4 20 20 20 20 20"
"12 12 12 12 12 12 12 12 33"
"1 3 3 3 3 3 3 3 23 26"
"1 1 1 1 1 1 44"
"3 8 8 29 54 56 58 69 71"
"11 11 20 20 20 20 20 20 20"
"1 5 5 5 5 5 5 32 38 45"
"18 18 25 25 25 25 25 25 47"
"6 6 13 13 13 13 31 35 37 46"
"12 12 12 12 12 12 21 21 21 24"
"5 5 5 5 5 5 47 66 67"
"13 13 13 13 13 38 46 50 52 56"
"4 5 10 10 10 10 10 10 18 30"
"1 1 1 18 24 25 29 46"
"1 1 1 1 1 1 1 1 9 9"
"1 1 1 1 1 1 38 38"
"5 5 5 5 5 31 31 32"
"3 3 55 55 55 55 55"
"16 17 17 17 37 39 49 53 62"
"1 1 1 63 65"
"4 7 21 21 21 33 37 39 42 44"
"3 3 3 3 3 3 3 37 45"
"31 31 31 31 31 51 51 51 51 55"
"3"
"8 8 8 8 8 8 8 35"
"3 3 11"
"25 26 26 26 26 35 37"
"11 11 11 38 52 69 76 78 81"
"7 7 21 35 43"
"13 14 14 14 14 14 14 14 14 14"
"3 3 3 3 3 3 51"
"3 3 8 8 8 8 8 17 23"
"1 4 4 4 4 34"
"3 3 3 3 44 44 50 54 60 67"
"12 19 33 33 56 59"
"10 15 15 15 15"
"14 14 14 28 28 28 28"
"2 2 2 2 13 13 13 16 25 33"
"13 13 13 13 13 47 60"
"5 5 5 24 24 24 24 24 24"
"1 1 1 1 1 22 22 22 22 22"
"12 12 12 12 12 23 36 52 56 58"
"3 3 32 46 54 65 70 78 81"
"5 30 39 51 63 66 75 77"
"1 11 19 19 19 19 19"
"23 23 38 38 46 55 63 70 73"
"17 17 24 42 43 44 50 82"
"11 11 11 42 55 60 65 68 69 77"
"23 27 27 27 27 27 37"
"1 1 1 22 22"
"4 10 10 35 46"
"7 28 44 44"
"9 9 9 9 44 44 44 44 44"
"8 8 48 56 58 62"
"1 4 4 4 4 4 4 48"
"8 12 14 14 14 14 14 25 26"
"9 9 9 38 38 38 38 38 57"
"7 27 27 27 44 46 51"
"3 3 7 7 7 7 7 7 32 39"
"2 4 15 15 15 15 47 53"
"8 11 11 11 11 11 11 11 21"
"1 1 1 23 23 23 23 25"
"16 16 16 16 16 16 34 34 34 34"
"6 9 14 14 14 14 14 42"
"21 21 21 92"
"15 16 16 16 37 40 43 46"
"20 20 20 20 41 45 48 49 57"
"8 8 8 23 23 23 23 44 54 62"
"13 13 13 13 13 13 39 39 49 51"
"10 10 10 10 10 10 10 10 30"
"9 9 9 9 22 22 22 22 26 35"
"39 55 55"
"14 14 14 14 14 25 25 25 28 30"
"1 1 1 1 55 65"
"22 22 22 22 22 22 22 52 56 60"
"8 9 9 9 9 9 37 38 40"
"5 25 37 37 37 37 41"
"13 13 13 13 13 13 13 42 42"
"8 16 16 32 33 42 44 55 60 83"
"20 20 20 20 34"
"3 3 19 19 19 19 19 34 39 49"
"3 3 58 58"
"1 1 1 39 39 39 45 46 52"
"2 2 2 2 2 2 2 2 2 26"
"1 1 1 8 14 16 18 31 44 68"
"14 36 46 46 46 46 46 61 66 69"
"2 2 2 2 2 2 35 38 47"
"26 26 26 26 39 39 42 51"
"1 1 11 11 11 16 25 45"
"7 7 7 7 7 7 7 27 27 30"
"1 26 26 26 26 26"
"15 24 25 25 25 25 25 25"
"29 29 29 45 45 51 52"
"15 15 15 45 48 52 59 73 76"
"3 3 20 20 20 20 20 20 20 20"
"34 36 36 36 36 36 36 57 60"
"12 12 12 12 23 28 38 45"
"9 9 9 9 37 39 48 52"
"7 10 14 14 14 17 18 32"
"6 6 11 11 11 11"
"2 2 2 2 50 59 73"
"20 20 29 29 29 29 37 60"
"2 2 2 19 41"
"7 7 26 26 26 26 26 26"
"4 6 6 36 42 50 58"
"3 3 3 3 3 20 20 47 61 64"
"2 2 2 2 14 14 14 20 29"
"13 13 13 13 25 35 43 67 74"
"9 13 15 15 15 15 15 15 35"
"2 16 35 35 35"
"4 8 8 30 46 47 56 65"
"3 3 7 7 13 15 23 29"
"6 6 6 38 41 49"
"1 1 9 31 47 58 73"
"12 12 12 12 12 50 56 66 67"
"5 5 5 5 5 25 40 43 50"
"3 3 3 46 67 70 86"
"2 2 2 2 2 16 16 26 32"
"1 1 1 43 43 43 48 59 62 68"
"8 10 10 10 10 10 47 52"
"13 13 13 13 13 13 13 34 37"
"27 27 27 27 27 27 56 56 58"
"1 1 9 9 9 9 25 38 50"
"4 4 4 13 13 13 13 23 25"
"2 2 10 10 10 10 10 34"
"3 3 3 3 24 24 24 24 24 24"
"14 25 30 65"
"1 2 2 40"
"39 39 39 47 56 58"
"6 6 27 27 27 30 34 37 54"
"5 5 5 23 23 26 28 46"
"3 3 3 10 10 10 10 10 10 10"
"4 6 14 14 14 14 36 45 56"
"17 21 21 21 28 47"
"6 6 6 6 28 28 28 28 28 33"
"16 23 27 27 27 27 27 27 27"
"8 8 34 34 36 50"
"1 4 4 4 4 4 4 4"
"3 5 5 5 5 12 18 42 57 61"
"10 22 22 40 43 61"
"7 9 17 17 17 32 33 34 44"
"2 2 2 9 18 22 52"
"3 4 10 10 43 44 58 59"
"24 33 38 38 38 68"
"4 4 32 37 38 40 72 81 82 89"
"10 17 26 26 39 56 61 66 69 81"
"6 21 49 49 57 58 80"
"8 8 8 25 25 25 25 25 25 26"
"3 3 3 3 19 22 35 45 61 62"
"1 1 1 31 31 31 31 31 32 43"
"4 35 35 35 35 35 35 35 35 43"
"1 1 1 22 22 29 40 43 44 47"
"11 11 11 11 23 23 23 23 30"
"8 8 8 8 45 45 50 53 55"
"7 44 44 44 53"
"4 4 26 26 26 26 26 26 26 40"
"9 14 14 14 14 14 14"
"3 6 6 6"
"2 2 2 2 2 43 43"
"1 1 1 1 1 27 27 27"
"21 26 44 44 53"
"15 15 15 15 15 42"
"1 1 1 1 1 1 18 21 26 33"
"22 31 48"
"5 5 5 5 5 5 33 33 33"
"25 26 26 26 26 26 41 44 45 58"
"9 9 9 9 9 28 28 28 28"
"11 11 44 48"
"14 14 28 28 28 45"
"14 23 29 35 43 44 49 54 57 81"
"4 8 22 22 22 22 22 22 22 34"
"5 5 5 5 5 5 35 38"
"6 7 7 7 7 7 7 7 7"
"11 11 11 11 11 11 11 36 36 36"
